0.448063653263,0.96395969184395,1.42382173697378,1.33886829020215,1.65930025109337,0.1690363838544,0.67057643488708,0.3134852818651,0.4368017679667,0.0187950805313,0.1201384981145,0.0134877682,0.001004241,0.014823022,0.019206188,0.02561901,0.027030187,0.10633108917741,0.94026250327328,0.2860414803821,0.08166009091,0.0302823548579,0.017289634,0.0663625487858,0.03092050973,0.0619283838,0.0103654961,0.008267397,0.00470469,0.0196224349492,0.013581376,0.000743795,0,3.14522e-06,0.04858861304,0.02351362,0.0034035279,0,0,0.81569621318552,0.11709178615997,0.050852438847,0.0164882649557,0.1081952179188,0.0078718629181,0,0,0.001819148,0.0386257873646,0,0.004649333,0.0033252043102,0.0028552503274,0.0026103,0.013941856,0.009381730535,0.00265375,0.0161136641,0.0396614155605,0.0087419461,0,0.002085245,0.00162302,0.008123275,0.00135547,0.0079469246,0,0.01379430191,0.011852288,0.03397128795,0.004120577,0.0059286505,0.00511314716,0.0052801109778,0.0240688618678,0.01490433916,0.0153138640502,0.012420091216,0.010591320933,0.011731116,0.06809694484,0.043683536796,0.00553653,0.019989434241,0.0067432485146,0.012817296,0.0885136981,0.004622943,0.1188756215622,0.21142761816591,0.32713268036449,0.1398429616443,0.0086245587952,0.007750362844,0.0029722568,0.0117554247736,0.00707325489,0.33668170472137,0.00196075497,0.0017615740273,0.00217057,0.00764748569,0.10677304092784,0.14467379623814,0.02225097466,0.0643054595,0.072647054837853,0.31343209311758,0.1253944006,0.05649995644,0.01269783569,0.0206493851,0.013989462601,0.0686919208785,0.302966930008,0.1897431726894,0.2496805958081,0,0.00271329,0.00119334,0,0.000686484,0,0,0,0.030743048,0.040396651,0.0205947129417,4.28012e-05,0.000115434,0,0,0.000228819,0,0,0,0,0,0,0,0,0,0,0,0,0,0,0.039806888168,0.000836826,0,0.00780075,7.15352e-05,0,0,0,0,0,0,0,0,0,0,0.001507665,0.006867108,0.002369822,0.00215451,0,0,0,0,0,0,0,0,0,0,0,0.00150423,0.003286698,0,0,0,0,0,0,0,0,0,0,0,0,0,0,0,0,0,0,0.00601911,0,0,0,0,0,0,0,0,0,0,0,0,0,0,0,0,0.0610348,0
0.96395969184395,0.223539602933577,1.36134355353109,0.59229067922167,0.943000678740738,0.41203555488564,0.2478628261541,0.158752498596,0.3756499382913,0.36303827868072,0.12352906436454,1.18457694584931,0.36340886720873,0.439549194065,0.06245624332375,0.3244164868343,0.50662537829831,0.1419962462202,0.903451452338515,0.29399057627438,0.2635852770137,0.42059978349836,0.26086388816109,0.15023529961857,0.1751855044377,0.3407298005857,0.28065600010387,0.0260764799,0.032436102469,0.1540232251876,0.17005584833145,0.051170352,0.0201039004523,0.1007619181,0.4396209277673,0.2370104576037,0.030748856237,0.003808216,0.009612620213,0.708235521541733,0.0365844982191,0.020161844903,0.01163465145,0.119314015574148,0.0976101053956,0.0166256876,0.0119451321,0.04185813981,0.2242471990271,0.006373738311,0.044229123584598,0.062026819753,0.1253600474024,0.0118254343,0.016995778485,0.035898501393,0.0023717888,0.02134505943,0.007528263963,0.0122785521529,0.001147471,0.0143703337,0.002952426641,0.0072245264281,0.002423355,0.00389361246,0,0.0033112346961,0.0016622807,0.016737495575,0.01162872894748,0.00013291178,0.00355194774,0.000999010276,0.01755091873925,0.01963360378169,0.0248631832632,0.0167541555605,0.021901572965,0.030280864603,0.01879400758031,0.008734316438,0.00662707368,0.020433586361,0.00451256684196,0.0025008114,0.0150716031,0.0038539974875,0.015325726,0.2043509800938,0.152502019900899,0.03785267649,0.039678914399,0.0232785447,0.026567739986,0.02588808677,0.0032737537416,0.2369031354662,0.004359210424,0.1358802791427,0.06276919038582,0.0968189272183,0.0428041776661,0.0960034281276,0.028932806925,0.8112893392424,0.657441743620917,0.78262328138161,0.01453544136,0.063972465,0.025446460948,0.017822969206,0.069380132480347,0.028900052096867,0.25824804699114,0.041068428496,0.04530169277,0.0095965885,0.07925289774,0.00805875,0.01091087,0.04299980050237,0.0094768126,0.0569877343894,0.0943088952509,0.1629465504097,0.020836056621,0.623968661711513,0.30106087449215,0.06424719202188,0.013879568778,0.0167731251333,0.00165440768679,0.005566863,0.00450508,0.010874057,0,0.022980619,7.31635e-05,0.002100257,0.004565937,0,0.000980184,0.000470622,0.0032797332,0.00040772501,0.001155751706,0.23938655931504,0.0425829283,0.01378092,0.003554640694,0.0022816178,0,0,0.00608308,0.001035003,0.0032682005997,0,0,0.00017995008,0.000910311,0,0.0010500577248,0.0039563521,0,0,0,0,0,0,0,0,0,0,0,0,0,0.003673638746,0.004171935,0,0,0,0,0,0,0,0,0,0,0,0,0,0,0,0,0,0,0.001244858,0,0,0,0,0,0,0,0.0007957505,0,0,0,0,0,0,0,0,0.000639563978,0.01445985082
1.42382173697378,1.36134355353109,0.78649123951256,0.611933186246074,0.615561598811809,0.05008866912868,0.237997749498991,0.39420995985246,0.58103842773484,0.148700441969,0.23118555151433,0.1754220322142,0.02645815062,0.05902068285,0.118900819167,0.048452648555,0.054883746104,0.15668237746456,0.703522110697492,0.465760058724854,0.2251847598565,0.1391213537726,0.041507112903,0.0537948809411,0.0030990812,0.021804099,0.0780214747715,0.00765021752,0.02014121349,0.1167761006458,0.02203082547,0.02826149553,0.00965769585,0.00313324478,0.02039457989,0.0065266168,0.00208681665,0,0.0081713265546,0.57976749697671,0.14467080246941,0.0337805418535,0.0217133038196,0.0593990890453,0.0008937983,0.0015167,0.0020660927883,0.00505102655134,0.015702983704,0.000797045,0.009612436482,0.0166627072,0.0024416651,0.0011689889,0,0,0,0,0.0037142602,0.009241094,0.000939837,0.00185286755,0.01970468355,0.01372567488,0.00400925337,0.007665050489,0.00112286991,0.000947939475,0,0.00381089,0.0284687092888,0.001136406,0.0010583165,0.0006316424,0.010479383824,0.00522693522,0.0095699160818,0.0119991261,0.0063772268,0.03923330611,0.0333829634064,0.0092017679188,0.011822831557,0.000509432,0.01486268702,0.0107562171,0.0240683422,0.00867048961,0,0.0930922553608381,0.0736996166856,0.0318943677,0.0138039597,0.02682003689,0.02537904034,0.020921619,0.005258063,0.05774919785121,0.08867695501894,0.0486741622774,0.006956203793,0.015636905543,0.02073075632,0.020947658996,0.009568918,0.0150295281044,0.113943279197,0.84148165807908,0.048634155469,0.0311943003734,0.020603974818,0.0206875123,0.0427226962802,0.0950952347963,0.60260758844932,0.214349686863,0.1091143682519,0.007326618,0.03862442048,0.0022469368,0,0.01439037059,0.0034610361,0.0161921636726,0.02222897764,0.05481506907232,0.02813456671536,0.03629349826424,0.022705323732,0.0101372029107,1.18621e-05,0.00554220788,0.0001184151,0,0,0.00136385206,0.002517692,0.0039852292,0,0,0,0,0,0,0,0,0,0.03353631075,0.00330225535171,3.11534e-05,0,0,0,0,0,0,0,0,0,0,0,0,0.001106692,0,0,0,0,0,0,0,0,0,0,0,0,0,0,0.00210948,0.000603576,0,0,0,0,0,0,0,0,0,0,0,0,0,0,0,0,0,0,0.001626703,0,0,0,0,0,0,0,0,0,0,0,0,0,0,0,0,0.001129504,0.0007432968796
1.33886829020215,0.59229067922167,0.611933186246074,0.108812122853192,1.23436940735077,0.2390869176682,0.152610972906,0.45767737751032,0.761987792453,0.00121967417,0.0416332589042,0.01391922793,0.000681012,0.0351083421,0.01476228,0,0.096807565558,0.2739376451606,0.4562525657452,0.19439313967739,0.3445345419346,0.05692971134742,0.0083061870412,0.0989505336075,0.023599353878,0.006327559,0.0044041349,0,0,0.010026152,0.01518521,0,0,0.01553897,0.00506067972,0.00129421,0.0003933317,0.001545861189,0.008984046,0.0762822569974,0.0245322322607,0.007429660774,0.00268684753,0.0038780288022,0,0,0,0,0.0009356091,0.0007753994,0.017018520587,0.0036830768862,0.004612114,0.00100754,0.001014022,0.01720614487,0.001859006898,0.000542058,0,8.9727e-06,0.0007669935,0.00024029084,0.0015984307,0.00242858902,0.001995742,0.00912046023,0.000464994,0.012899011523073,0.0006662686,0.005912711363,0.0322019710118,0.00207632829,0.001843383061,0.001726338358,0.00999946546508,0.006483408311,0.00307389183,0.00591142548,0.0046180067,0.010580511821,0.024690441131,0.00391598272,0.000781371935,0.0006684837,0.002757914967,0,0.014735234,0.002005187471,0.032699294546,0.277723623197,0.1613572411329,0.0183755366,0.0345391613,0.009936139,0.01131524695,0.03148611,0.03532788771,0.119612458101,0.014549338978,0.00115764,0,0,0.0178213523346,0.0408015536287,0.008330563,0.00072135,0.0920214287098,0.81856204992828,0.15053947854535,0.0371699959164,0.0388727364785,0.0418158381,0.025149755331,0.02370616791611,0.317121874351237,0.22783055845305,0.12194991809028,0.0033072105229,0.009482609,0,0,0.004488738,0.0020385339,0.003939385,0.0111188843,0.07123530621014,0.0326195149922,0.13665939977812,0.03069337668,0.01325248365025,0.00259361686,0.0022256803,0,0,0.0001651603177,0,0,0,0,0,0,0,0,0,0,0,0,0.015591267344,0.0032040459,0,0,4.63908e-05,0,0,0,0,0,0,0,0,0,0,0,0,0,0,0,0,0,0,0,0,0,0,0,0.002713416,0,0,0,0,0,0,3.26481e-05,0,0,4.15630037e-05,0,0,6.73938e-05,0,0,0,0,0,0,0,7.33995e-05,0.00110535108,5.73449e-05,0.0110115,0,0,3.95151e-09,0,0,0.000890659,0,0,0,0,0,0.0004682392,0,0,0.0006922998,0.008263276057
1.65930025109337,0.943000678740738,0.615561598811809,1.23436940735077,0.97323320295037,0.12123183162104,0.3355375600511,0.344318170451,0.05370199679,0.17110937345176,0.50829659091115,0.49249866968961,0.075365849903,0.032006036006,0.20467271849146,0.19679992226772,0.28555360255702,1.0317016476631,0.974099600078869,0.57845613102315,0.449381634869378,0.214421414696968,0.12171296527751,0.178427704594,0.0449517932868,0.1121259886,0.060863766929975,0.0330834398,0.048519255056,0.0141578338009,0.0135295564,0.01536763974,0.00472714295,0.030986959,0.14308902629,0.04921027521,0.0175627805,0,0.0089841736,0.651486147571566,0.05301983627,0.0040869164611,0.000839700284,0.032368238983,0.024275641173,0.00606948675,0.0065453461,0.00989932746,0.04196423355,0.0080847680236,0.0144845902971,0.033083175426,0.06500034957109,0.04218963405,0.02164438215,0.00729878056,0.001086009,0.00095067,0.01994262229,0.013661148666,0.0017957329,0.0047031511076,0.0014467586,0.00205090411773,0.000512538449,0.00205857433,0,0.000691697287,0.000531708,0.0139029802709,0,0.00114725,0,0.00076147844,0.0056167441,0.004206492,0.014261911,0.009593447906,0.02305910405,0.028103391971,0.03132831681713,0.01425309616,0.00208697203154,0.001702947,0.003309549,0.003302368,0.0097807504,0.00266458333,0.004230283,0.0292022413664,0.011145081542,0,0,0,0,0,0,0.02675549716328,0.000182684,0.083773390921901,0.0148692692667,0.02701728448343,0.01792972544383,0.0157083332533,0.0178392671288,0.059460369229,0.1373386232533,1.51180950691339,0.0150693459,0.0473190173805,0.0060484671685,0.0044404088731,0.048156025870036,0.10496339421117,0.267805252424307,0.022481379428,0.0020074247,0.0071756103,0.0875657957123,0.007906581683,0.000420671,0.03479704038705,0.0150701645,0.0321582557512,0.03458293583027,0.1312755142947,0.059603896634,0.1197532970515,0.08209181481366,0.01555545588923,0.00423864452052,0.00595642555839,0.0012979,0,0.0002390635,0,0,0.005078415745,0.00168969,0,0,0,0,0,0,0,0,0.0143576089,0.003319836,0.00105188,0,0.001619099,0,0,0.00021904618,0,0,0,0,0,0,0.000857472,0,0,0,0,0,0,0,0,0,0,0,0,0,0,0.0002063157,0.00115014,0.0055207,0,0,0,0,0,0,0,0,0,0,0,0,0,0,0,0,0,0,0,0,0,0,0,0,0,0,0,0,0,0,0,0,0,0,0,0.00056793,0.01355901018
0.1690363838544,0.41203555488564,0.05008866912868,0.2390869176682,0.12123183162104,0.03889815129,0.373183633321356,0.13105055149033,0.06881452439024,0.00980778,0.0081165955,0.000986163,0,0.008044039447,0.0138356,0,0.0025029616,0.095805335783,0.0660542780816,0.26299450721731,0.401955029628,0.123119080330661,0.0309852718308,0.03450371333139,0.01027789809701,0.011973268,0.035126303,1.16529e-06,0,0.0055901271,0,0,0,0,0.01404764,0.0129377,0.0003472701,0,0.003176084,0.1856957802139,0.0844767929915,0.009854257,0,0.001372632861,0,0,0,0,0,0,0,0,0,0,8.51913e-05,0,2.0779531e-05,0,0,0,0,0,0,1.646602e-06,0,0,0,5.301513e-06,2.765468e-06,0.007021787586,0.0143029318328,0.000177737,0.00029540259,0.0002662455131,0.0017463155638,0.000332263032,0.001500683512,0.00310295284,0.0009119027,0.007315742,0.0152172652145,0.005623393835,0.00048595892,0.0064789552,0.002092608,0.00150193,0.00036491974,0.0010901404339,0,0.04410019865422,0.01405646437,0,0,7.58946e-06,0.0004408449,1.50679e-06,0.001190190409,0.005240190423,0,0,0,0,0.0031880864,0.0097558274,0.000100361,0.00224487,0.013567509268,0.05285327003004,0.02328962994,0.0009281217,0.037020467097,0.034414197765,0.0309430159704,0.0410306111491,0.318000950586218,0.0829707536818,0.0069387086,0.0150809183,0.03361967219163,6.1166807e-06,0,0.005644854,0.003586389,0.0122613786,0.019524002258,0.0311474553597,0.066769608673,0.191028693984246,0.0308876653861,0.0052094665055,0.001828453933,0.00141823129,0,0,0,0.000110378,0,0.000685368156,0,0,0,0,0,0,0,0,0,0.007248664537,0.008451381,0,0,0.001113355,0,0,0,0,0,0,0,0,0,0,0,0,0,0,0,0,0,0,0,0,0,0,0,0.0003358547,0.00055827915,0,0,0,0,0,0,0,0,0,0,0,0,0,0,0,0,0,0,0,0,0.004493615,0,0.00079872659,0,0,0,0,0,0.002965717974,0,0,0,0,0,0,0,0,0.0010812492,0.00971140099
0.67057643488708,0.2478628261541,0.237997749498991,0.152610972906,0.3355375600511,0.373183633321356,0.374508437885871,0.37864878435807,0.7623144589825,0.02290143894,0.006414985,0.0002915157,0,0.0245664857857,0.000598922,0.007916276,0.002026675036,0.29531126579747,0.2855952429107,1.22942568793752,0.49304398531623,1.16837851279749,0.1252449737118,0.165326162719693,0.009340981037,0.000149574146,0.00099593839417,0,0,0.000862829,0,0,0,0,0,0,0.001840192,0.001186972,0.004052179074,1.67721079924011,0.634251768004382,0.05669692679626,0.02677511491828,0.10705604639688,0,0,0,0,0,0,0,0,0,0,0.00088934086,0.0005368657,6.47101e-05,3.77579e-05,0,0,0,0,0,0.002200742,0,0,0,0.0389725600757,0.017407888132,0.00618490835928,0.002165155222,0,0,0,0.0021330255,0.001595723,5.983053e-05,0.0068909897,0.00239524,0.00188173703,0.02481637554,0.0084464323,0.0056702316,0.0045539553,0.00129583,0,0.00884194,0.0091368037077,0.001118823,0.036444918848,0.01273790862,0.00190991945,0,0.00729863,0.0071661711,0.002982415,0.001448072,0.01377392464,0.0003004284,0.003149669,0.000267278,0,0,0.00253361781,0.000987016,0.00275403,0.004735546,0.2220232684326,0.14177327979339,0.155647686868624,0.14503596457366,0.07144393697444,0.0790402360856,0.371386054485624,3.79605005675638,0.70902020864624,0.2691041824074,0.014476214,0.04340179349,0.000741647,0.0001116557,0.0191127863097,0.0019930557,0.0100737794779,0.0195553731,0.0730113291742,0.17801762120573,0.643932793873645,0.07688426728758,0.021384867463,0.00381435689006,0.0066533285917,0.0123791746,0,0.000601956,7.74136e-05,0,0.0012064529639,0,0,0,0,0,0,0,0.0002549368,0.00140751,0.25524803725233,0.01165068417103,0.000952734,0.00011177494767,0.001731227454,0,0,0,0,0,0,0,0,0,0,0,0,0,0,0,0,0,0,0,0,0,0,0,0,0,0,0,0,0,0,0,0,0,0,0,0,0.000595235,0,0,0.0002793747,0,0,0,0.0002932865,0.0016977762,0.00616591725,0.0016722053,0.0054037235,0,0,0,0.000147784,0.0011585428,0.003823884769,0.000168032,0,0,0,0.002535569,0.001106977872,0,0,0.016851425,0.01741792634
0.3134852818651,0.158752498596,0.39420995985246,0.45767737751032,0.344318170451,0.13105055149033,0.37864878435807,0.04962621317,0.097969025655,0,0.0001812735526,0.01385978889,0,0.005522041,2.49523e-05,0,0.0017256297,0.082524936996,0.3355826772136,0.77300116669278,0.37520047659336,0.06514833394186,0.0092457558184,0.016417238394,0.00114734,0,0.003575919,0,0,0.012936768,0,0,0,0.002260018,0,0,0,0,0,0.467355567015,0.0991147917626,0.03513710676457,0.009771713509,0.02518013776498,0,0,0,0,0,0,0,0,0.001338284,0,0,0,0,0,0,0,0,0,0,0,0,0.001281879,0,0.01899039267,0.0027871667,0.0114943534,0.0164575724,0,0.000415894,0,9.85814e-05,0,0,0.00252458527,0,0,0.0135951836,0.004742385373,0.000920878,0,0,0,0.015017493,0,0,0.0291997675,0.02088185,0,0.00258185,0.008186538,0,0,0,0.0049435259,0,0.00808531912,0,0.00166037,0.003235235,0.000335656996,1.8962962e-05,0,0.0446430017,0.616603991009,0.3217719711,0.0489323501,0.107891981,0.076239818576,0.006642389,0.10271284950532,0.64732744709994,0.59371020616893,0.7057358718789,0,0,0.000846485,0.002485018,0.0057717437,0.00720765,0.001287408,0.00609732,0.01664396,0.02597839092,0.07612474619,0.0150292082636,0.008075063,0,0.006765543,0,0,0,0,0,0,0,0,0,0,0,0,0,0,0,0.1269088698977,0.007515436,0,5.27838e-08,0.00052778,0,0,0,0,0,0,0,0,0,0,0,0,0,0,0,0,0,0,0,0,0,0,0,0,0,0,0,0,0,0,0,0,0,0,0,0,0,0,0,0,0,0,0,0,0,0.001190646,0,0,0,0,0,0,0,0,0,0,0,0,0,0,0,0,0,0.0249899272
0.4368017679667,0.3756499382913,0.58103842773484,0.761987792453,0.05370199679,0.06881452439024,0.7623144589825,0.097969025655,0.0458586827,0,0.01006634,0,0,0.0117296629,0,0.01109311,0.00255451,0.073001176275,0.3244983028554,0.387572512638004,0.1758573014572,0.058802275449,0.0009429348,0.0381568589946,0,0.0110921,0.06391672,0,0,0,0,0,0,0,0.0841757,0,0,0,0.0017551,0.579833207368401,0.160034864358681,0.0564465468903,0.1270240550192,0.4165269953107,0,0,0,0.001933758,0.056009852,0,0,0,0.01750474,0,0,0,0.002141539,0.00150612,0.0055666224566,0.004418306,0,0,0,0,0,0.006887921,0.00128857,0.2452257722929,0.087873124299,0.04093371,0.05476064365,0.0017486487,0.00370712462,0.011471505,0.013169211,0.004652121,0.009317855161,0.02285975684714,0.0064587659,0.015611024,0.03234762705,0.0028805531264,0,0,0,0,0.0468247793,0.015544871,0.0562501399,0.1561313614519,0.11491865980228,0.048432500428,0,0,0.000153482,0.001992818,0,0.0976056734863,0,0,0,0,0.016413852,0.059238878658,0,0.01077047,0.45318177492,1.796496416099,0.4017281913,0.028026931,0,0.024872987,0.003880094,0.068279949838,0.249238580434,0.179957926916,0.77472049564,0,0.00238169,0.00156337,0,1.11327e-05,0,0.00531531,0,0.00297868,0.03123097736,0.029297958831,0.008867751,0.00199222,0,0.01565521,0.0009865139,0,0,0,0,0,0,0,0,0,0,0,0,0,0,0.288526796873,0.0417743332,0,0,0.0004801664,0,0,0,0,0,0,0,0,0,0,0,0,0,0,0,0,0,0,0,0,0,0,0,0,0,0,0,0,0,0,0,0,0,0,0,0,0,0,0,0,0,0,0.0224569,0,0,0.009173778,0,0,0,0,0,0,0,0.000988021,0,0,0,0,0,0,0,0,0,0.0011979481
0.0187950805313,0.36303827868072,0.148700441969,0.00121967417,0.17110937345176,0.00980778,0.02290143894,0,0,0.42071902526005,0.240583962259909,0.85058078547258,0.422324513720878,0.24842096095481,0.02498782247574,0.31534447273959,0.025652913003,0.03312026953869,0.21096728392083,0.06893052318892,0.0780730413044,0.1206845615797,0.1618514319421,0.17481189740331,0.072011294,0.10954171542048,0.14759409032408,0.017162995,0.03106261904437,0.2467268717006,0.14673165524,0.046248516,0.016110839,0.042685648,0.27065475582,0.1907111368314,0.0239234011,0.003549726,0.006302703357,0.22575066123084,0.047769632717,0.009898251,0.033565579974,0.0134763264451,0.0836037359068,0.016816398922,0.030070496021,0.0136620405,0.060818171659,0.0073293597432,0.00765690952795,0.0084710932938,0.14214384422628,0.035080380293,0.007612204,0.0051677215,0.00025590111,1.44891e-05,0.0055517660749,0,0,0.004109286,0,0,0.0010970705796,0,0,1.203271e-06,0.0018030778,0.0004560105998,0.0001079618,0,0,0,0,0.00715376,0.003432413054,0,0,0,0,0,0,0,0,0,0,0,0,0.017565838,0.002945068918,0.0263398185337,0,0,0,0.00170511258,8.378909e-05,0.06369344203252,0.01079448038391,0.085213536569207,0.0046093668,0.00946176937397,0.007245668,0.022030318272497,0.0038314534288,0.1852302197574,0.30216693066493,1.49710639154776,0,0.008353427829,0.004132983,1.186417e-05,0.02045124761,0.00151819163,0.00244175114,0,0,0.00141919,0.0174471205,0.02115248471,0.00936866,0.0086780312669,0.018376955522,0.00939011991376,0.00053090719605,0.00505654341,0.00706006373,0.005971227519,0.131617731938,0.0435146537072,0.0197564367,0.00876416938,0.004280964,0.000264875,0.000500537,0,0,0.0037323949,0.00048172197,0,0,0.00101805979,0.00362532,0.0012967714,0.0031382645,0.00164464,0.000328247,0.02300775673,0.0183936221,0,0,5.91124e-05,0,0,0,0,0,0,0,0,0,0,0,0,0,0,0,0,0,0,0,0,0,0,0,0,0,0,0,0,0,0,0,0,0,0,0,0,0,0,0,0,0,0,0,0,0,0,0,0,0,0,0,0,0,0,0,0,0,0,0,0,0,0,0,0
0.1201384981145,0.12352906436454,0.23118555151433,0.0416332589042,0.50829659091115,0.0081165955,0.006414985,0.0001812735526,0.01006634,0.240583962259909,0.96049233757049,0.895857448206054,0.37772262695976,1.01825446194973,1.39155514916921,0.880769057764592,1.67581675778386,0.45419989047064,0.630333015671679,0.12671053928042,0.60176421054819,0.33235270098466,0.58057458228634,0.4349525787221,0.31563613545831,0.462772651321,0.18045035125548,0.0487597725959,0.62471886290325,0.23340376604219,0.25596818839998,0.415204312482,0.09808042698987,0.0621726001026,0.444846750907,0.3401881084567,0.09881176261,0.000679651,3.04829e-05,0.4687121384953,0.146353678643,0.0139055407,0.0121273578,0.0733375939268,0.059269879257,0.018566035367,0.0295554090122,0.046792898515,0.2607623355678,0.00825576406,0.04375443796692,0.14456923023525,0.24426113206826,0.00643101795437,0.08278278657143,0.0319683803479,0.00580372094089,0.0025016707,0.040155672294,0.0198891553,0.00258984,0.02163896689,0.010693659241,0.0122118483,0.00569730898041,0.000279367469,0.00918608,0.0008159,0.00882185,0.008985196,0.0131375947,0.0003583077,0.011330265645,0.00313476542343,0.0005506741278,0.0173913125447,0.010434948115,0.01649493795052,0,0.002318145,0,0,0,0.00129365,0.00452902,0,0,0,0,0.004987012,0,0,0,0.00115448,0.0477359153274,0.02846986917735,0.0010493404963,0.04965282073069,0.08702922547944,0.20036642234932,0.0310898784559,0.15836259363834,0.02166534242,0.04121076309,0.0211410526642,0.16454873416306,0.435528545437256,1.58190020577571,0,0.01661098954849,0.00947682731,0.00255976933,0.09020602792472,0.03637034805,0.02681263091719,0.0011192305,0,0.003959323136,0.14022770137101,0.01923446139423,0.000757166099,0.32466317811195,0.0195977080044,0.35903578650622,0.12587221293336,0.1130953499698,0.1997494615402,0.057666715704908,0.47731506584356,0.08614942256102,0.02368196202047,0.0155506370347,0.0077358908,0.0268374837,0.00575903004,0.003397533481,0.0106175414935,0.0049373886,0.003728893,4.73536e-05,0.0021402417,0.000346643,0.001198411,0.019251339,0.00490979522,0.00674073,0.000858793,0.02663343628,0.018979932768,0.00105733286,0.001587579,0.000149933,0,0.001151031507,0.0015131981755,0,0.001848926,0.00051568141,0,0,0,0.0001907401,0.000718404,0,0,0,0,0,0,0,0,0,0,0,0,0,0,4.39227e-08,0.0030954347,0,0,0,0,0,0,0,0,0,0,0,0,0,0,0,0,0,0,0,0,0,0,0,0,0,0,0,0,0,0,0,0,0,0,0,0.014802694,0.01056361
0.0134877682,1.18457694584931,0.1754220322142,0.01391922793,0.49249866968961,0.000986163,0.0002915157,0.01385978889,0,0.85058078547258,0.895857448206054,0.904368113524932,0.507934475915427,2.1471895411728,0.568247471309139,0.7718161636044,0.73901134698772,0.026943177376,0.40553931248351,0.015668475581,0.089042303252,1.46453040175853,1.08569515544046,0.646581175690496,0.104289586841607,0.0554946600451,0.22270643294068,0.21911485589619,0.55136709674271,1.24714954355724,0.279423274887498,0.74126040659464,0.2569298975785,0.14901745228769,0.315527325137,0.2586046747813,0.0582238455682,0.002628656,0.002407197,0.009662893473,0.36078665853194,0.021107009782,0.025610428,0.0502659865063,0.049455177,0.1072377740017,0.05775399763814,0.0709553301101,0.211114575953964,0.019961678184,0.11416525502251,0.14721201400544,0.299311249628554,0.0627677299157,0.025850894142,0.019144799558,0.0108089146,0,0,0,0,0.0014693892645,0.000194207627082,0,0,0,0,0.0014298694,0.0004449265,0.0005561544,0.00534258432,0,0,0,0,0.00039482828,0.010886836335,0.00148134791,0.0002127196,0.0172192951,0.007585818,0.0092602,0,0.00107118,0.00457888,0,0,5.27659e-06,0,0.04905326504,2.78865e-05,0.0875924059189,0.009522904,0.138114692477,0.22624596373664,0.24413390156402,0.008416365925,0.002318312517,0.116357066796443,0.821325995707993,0.08009057650241,0.0565316767428,0.0113982847629,0.063008383888,0.1149124267598,0.2295265800069,0.82596235970108,0.884955835450035,0.004381928,0.0010751634,0.001291702,0,0.041834170095,0.006250786,0.00106213944,0.0002228704,0,0.0062250104,0.09856954447979,0.121899733789815,0.030534571426855,0.349987088557138,0.23574597365521,0.11331858053901,0.0333159780877,0.001013870829,0,0,0.009624002898,0.642982527345262,0.24727475992284,0.44422818864579,0.02521036597,0.00151376932,0.04747130194577,0.0074991802,0.012668962351881,0.31741618324292,0.02928349715,0.025501173543,0.002296574675,0.00598528624,0.001099116072,0.004492514176,0.01456384164,0.00285467171,0.001236401471,0.011095681558,0.007114223726,0.0028771391,0.0069529873,0.002529791,0,0,0.0039877481,0.001262136,0.000557574984,0.00029078,0.00021902862,0.0097504105,7.45618e-05,0.000605135,0.002696049,0,5.168991e-05,0,0,0,0.0002910401,0.0002766052,0.00966136092,0.007129365,0.001183771,0.004586226,0.000528641,0.00013773,0.001037973,0.00102013918,0.00804245967424,0,0,0,0,0,0,0,0,0,0,0,0,0,0,0,0,0,0,0,0,0,0.003131114,0.0011882284,0.00420285188,0,0,0,0.00231451,0.0035600981,0,0,0,0,0.0024956573,0,0.023848845189,0.0124570945
0.001004241,0.36340886720873,0.02645815062,0.000681012,0.075365849903,0,0,0,0,0.422324513720878,0.37772262695976,0.507934475915427,0.09854539622,0.1482450843808,1.49713141814732,0.08584361876986,0.072593535676,0,0.02144707456,0.00037837911,0.03115399376,0.14163366944313,0.1789278692031,0.771654075516202,0.140786430316378,0.0120781921568,0.972920740826742,1.15104120808251,1.61841980688301,0.954890749001309,0.2364993094155,1.30777622041229,0.909637442668234,0.691547761248125,0.20736163284995,0.10092059413822,0.00151869697654,0.005817121021,0.001425319,0.002531009,0.44374855559847,0.0604045984601,0.0035554403,0.011721992596,0.06349789733193,0.0200382414268,0.08341500610706,0.06629717012556,0.15269658563653,0.05210685866783,0.17646771210962,0.8315729900494,0.30495744855233,0.09481963796362,0.0096829377,0.026991210608,0.0071911906,0,0,0,0,0.45518254944378,0.017737691022,0.00521452782,0,0,0,0.001531551,0,0,0.00065285632,0,0,0,0,0,0,0.0112882669,0,0.0077705988,0,0,0,0.00588986996,0.00176028,0.0001041427,0,0.000416815,0,0,0.02921818871651,0.038945364831,0.0011382033208,0.291320072345,0.31209425836145,0.02069579365,0.103203943268,0.008503129806,0.28787933564827,1.0102183524538,0.0580674236435,0.078207572410657,0.0057878598404,0.011416060817,0.0455224697724,0.0699899408175,0.27973109852388,0.378098816994,0,0,0,0,0,0.000878014,0,0,0,0.0008224085,0.0059253907,0.033899991079,0.131021313395,0.025650086326,0.06092868770105,0.0142198453189,0.0043054107983,0.00532062,0.000433408,0.00124549,0.00247658,0.0304664464338,0.0115743954972,0.7863168963584,0.07744500367934,0.0020600374,0.0537174148299,0.0049959895557,0.0054493679,0.29010627912563,0.03585091480588,0.021257514209,0.007809016,0.034109513889,0.0031796491379,0.01148188,0.002208708,0,0.000632631,0,0,0.02699978,0.0039393906,0.00338745142,0.00410396,0.0009617319,0.006763585872,0.0031200361,0.00496789544,0.00626992709966,0.001187066,0.00161010015,0,0.000647474,0,0,0,0,0,0,0,0,0,0,0,0,0,0,0,0,0.00148258,0,0,0,0,0,0,0,0,0,0,0,0,0,0,0,0,0,0,0,0,0.001337865,0,0.001537592,0.0011911727,0,0,0,0,0.000561999,0,0.00178095,0,0,0,0,0.0027719777,9.11244e-07
0.014823022,0.439549194065,0.05902068285,0.0351083421,0.032006036006,0.008044039447,0.0245664857857,0.005522041,0.0117296629,0.24842096095481,1.01825446194973,2.1471895411728,0.1482450843808,1.20192107669524,0.5962934984583,2.48953840732599,1.74405474620888,0.790038840838337,0.67631008271234,0.0872272420774,0.25682653043686,0.12391188417681,2.02084560783887,0.61299986585121,0.1509603426097,0.0577303121465,1.03057040590247,0.1238799667274,0.12468049731075,2.79777724929807,0.061906194664,0.03662254079,0.07334943361,0.1141858351466,0.2029142840301,0.156853421338,0.023726811979,0.0127482356,0.0371001843982,0.020490860329,0.1617414852203,0.045228871688,0.0554288711998,0.05065025886177,0.0209835870971,0.075986198,0.00229863017567,0.07353064531,0.286495999126,0.0071958215,0.01180692428,0.003763936092,0.000229688,0.03229439,0.121502399463242,0.06301341809627,0.022430750176,0.0151689635297,0.01844190517,0.0347165718482,0.00070508189,0.0023924603729,0.0139373651257,0.18362500161607,0.022594485594,0.0828636555393778,1.3458549e-05,0.0105182063032,0.026163725169,0.132177791684655,0.29530121946271,0.0009452805,0.01319328379,0.000983636,0.0009711395,0.000921011073,0.0413304570415,0.003309856672,0.0139829336125,0.0026024582,0.01627881361247,0.0045643441,0,0.002485508,0.00816928045516,0.005016203,0.005179923,0,0,0.0159479,0.00029936922,0.009800471,0.00482313084755,0.08905875478006,0.011535322328,0.000889055,0.0019572271,0.0284699936235,0.0028005063,0.0208372447,0.0133261913,0.0221367479248,0.01240347121,0.03024874094134,0.00722985085,0.0380460498235,0.14575462592674,0.76138164247193,0.00312015471,0.0228303184155,0.00702091987,0.008472413531,0.0304156792269,0.0027645473246,0.0010276747,0.000557386,0,0.000882772,0.254400085398089,0.144025138369096,0.0253610692807,0.570341279569208,0.20299554202928,0.26408519116202,0.027777138506529,0.005580040266,0.009016136789,0.01183197165366,0.159059114248624,0.339646420363299,0.0698859957269,0.140812936300671,0.044327188493,0.0010469115,0.013774237315,0,0.0009567676,0.11277111203162,0.009119933,0.005025686324,0.0041164288,0.003811437,0.0010747767,0.019734315,0,0,0.002424461,0.012570145,0.01658509344238,0.006432669482,0.0221744431661,0.0018559291,0.001148363,0,0.00307716,0.000190967,0.000348092,0.001092413,0.0025359585,0.000695121,0.002196215408,0.0062372709,0.013693211,0.00646643648,0.0023009923,0.001298125,0,0,0.0121720303,0.01357426964,0.010858822007,0.006974146,0.002164789,0.0032340599,0,4.4053e-06,0,0.00870139886,0.002009889409,0,0,0,0,0,0,0,0,0,0,0,0,0,0,0,0,0,0,0,0.000726577,0.00043838,0,0.0006054321,0.002534827453,0.003182523,0,0,0.0023601849,0,0,0,0,0,0,0,0.003354902,0.0074226324
0.019206188,0.06245624332375,0.118900819167,0.01476228,0.20467271849146,0.0138356,0.000598922,2.49523e-05,0,0.02498782247574,1.39155514916921,0.568247471309139,1.49713141814732,0.5962934984583,2.43469704285789,2.82376651205951,1.30097074086948,0.0734591948063,0.69259458806524,0.000689654,0.05182555113,0.12099070928642,0.608270359470826,0.63277302110613,0.09202351559,0.20691285361113,0.5418085901856,0.6769770479535,1.62632078543648,1.35498176552837,0.0395454345447,0.46130866910411,0.180681723131556,0.26512097282629,0.2405449579497,0.10551232828,0.015731682,0,0,0.029152709,0.123487561304,0.0380993572,0.024169854,0.076213741406,0.01283296,0.022475127,0.0382053854386,0.023032918,0.13627051416071,0.02232164938,0.032338255139591,0.0222306660994,0.030622258529,0.02034780989923,0.0731249509457,0.0136054468,0.0027521139896,0.0186956631,0.017050976997,0,0,0.10313625006022,0.0071217603669,0.068528972017,0.0878156261256,0.1340125544583,0.0027264899,0.0047363954,0.0007366694,0.020263147941,0.0233109891129,0,0.00059289419,0,0,0.00435012789,0.0114387316,0.000428051,0.0107156893,0.1092691623956,4.08297e-05,0,0.000968331436,0.00727703547755,0.003398664,0,0.015434121,0.000291382,0.0147259,0.00123646,0.0078697924,0.02901009471018,0.12687546973131,0.37049778538264,0.849724678970914,0.16000074922611,0.0230157708648,0.00266240587,0.32463574329031,0.068438025739641,0.00452364053,0.03692056323,0.001110901,0.02926512613775,0.0195328229196,0.08138977135,0.1673913726101,0.90845772756599,0.00729574734,0.018186966466,0.020645414,0.001680651,0.0388690892368,0.01048778612,0.00561018235904,0,0,0.007629763,0.13575254328141,0.29732351779995,0.2179132279781,0.728292518565119,0.386593087357383,0.49349279366747,0.0331296385006,0.022899903508,0.02632880913316,0.0182326752226,0.14591353685191,0.104541790482371,0.05614978949156,0.170278709600658,0.005613437495,0,0.03274552394767,0.0048921101,0.04426811401857,0.467908450662448,0.00530430915153,0.00224584043,0.001757604864,0.0006461392213,0.00251405038,0.00117365897839,0.00033694,0.0009226037975,3.414724e-05,0.002297014946,0,0.0121402123662,0.008750210655,0.0092981100229,0.01220819,0.000335734,0.00060591438,0.0013007613701,0.015860732,0.001285945914,0.00659938432,0.006350672227,0.00378721674,0.0010017709,0.01732763065984,0.00484725430145,0.003816535217,0.0033522191,0.002391187963,0.001153899,0.0102498673,0.00690857334,0.0048098457817,0.0018003838,0.0044530914,0.00101818851,0,0.004589027,0,0,0.005807186993,0,0,0,0,0,0,0,0,0,0,0,0,0,0.002605306,0.001854897,0.0004520062,0,0,0,0,0.00102421,0.002707595299,0.005898837,0.015467141026,0.00422948599,0,0,0.006768734,0.004769587,0,0,0.000625673,0,0,0,0.0257150256563,0.0034109907
0.02561901,0.3244164868343,0.048452648555,0,0.19679992226772,0,0.007916276,0,0.01109311,0.31534447273959,0.880769057764592,0.7718161636044,0.08584361876986,2.48953840732599,2.82376651205951,1.75533426402098,1.52022979574602,0.67008340273774,0.91651003058629,0.131398352055,0.291667928054687,0.22828167921634,1.28590846375224,0.63567595685903,0.163679991657,0.1877196511,0.269987163551434,0.0437314417652,0.381534094480516,1.93433891946785,0.0502014950965,0.068196604508,0.098579058769,0.03886905079,0.10624808675,0.18091153205062,0.0190817334,0.019493296,0.004251282,0.171332481618,0.1117645152457,0.032232924576,0.0519498227,0.06572899208791,0.00257174,0.004924041,0.0055312373315,0.0155417318,0.1972973928259,0.0107719237,0.01695195738,0.022678816,0.01523116899,0.0513944900272,0.06030310654,0.0642205347,0.040988939,0.0192670472,0.029630775425,0.00199861328,0,0,0.0049721007407,0.00740383129,0.00297134,0.14030153804667,0.00072056,0.0004183866797,0.00998662983,0.071194295241,0.0137001415208,0,0,0,0.000975526,0.0160009,0.004892708,0.026741678335,0.003516344705,0.002235628,0,0,0,0,0,0.0139481121,0.0130484249,0,0.0189578,0.01132199477,0.0168659729,0.000584647,0.005504441,0.13095938294385,0.0448319140678,0.0378234402091,0.0271318395271,0.01090936557,0.0031845648,0.01901074258718,0.0072557945203,0.0049546066,0.00667273998,0.01256379329,0.0075166636,0.0305311587,0.1385939389841,0.63408104741828,0.0085231193,0.058324837165,0.01414838,0.008875683,0.08410596020374,0.00838669183667,0.0061439616872,0.00674204899,0,0.0050264749903,0.28718150399064,0.11587589532674,0.014010507855,0.833197179407286,0.16073460568281,0.619782585829969,0.336640781213092,0.1884195655822,0.11734165695119,0.08259601245366,0.778456216985895,0.2023803789023,0.02262755217483,0.0137613972175,0.0170494653,0.0074681007,0.00123449335,0.007263692,0.010825507697,0.02133575799701,0.00018272078,0.00647271915,0.0069106581,0.0091061111,0.0144137494,0.00011975742,0.000944648,0.00157271,9.316793e-05,0.0321254348,0.12560494491227,0.01279868643,0.014211876147,0,0,0,0.01003754,0,0.00579836,0.001956788,0.0024024892,0.0047378471,0.000563576,0.0041378943,0.00119816209596,3.76111e-06,0.006112126,0.0040480181,0.00727402862,0.000244002947,0.00559255342111,0.00198272372,0.007661811858,0.00414215553,0.0009373489,0.0018847739,0,0.0006007542,0.0007641312717,0.000932326686,0.00021514928,0,0,0,0,0,0,0,0,0,0,0,0,0,0.004161139,0,0,0,0,0,0,0,0,0,0.000366386,0,0,0,9.734291e-05,0.0035153183,0,0,0,0,0,0,0.0263490842023,0.0144391482
0.027030187,0.50662537829831,0.054883746104,0.096807565558,0.28555360255702,0.0025029616,0.002026675036,0.0017256297,0.00255451,0.025652913003,1.67581675778386,0.73901134698772,0.072593535676,1.74405474620888,1.30097074086948,1.52022979574602,1.59761227576143,0.96581516212085,2.03226690267775,0.12662353059789,0.426815667733069,0.24860162493524,0.47703061512217,0.2373293001255,0.01703167375,0.121421849935,0.05446550725884,0.01173121296169,0.0782598776591,0.37803494347956,0.0200165271239,0.071995421477,0.0354643764,0.014537613,0.105271208032,0.05091917726631,0.016712572485,0.000208164539,0.00271157316,0.27700240236415,0.132978429872,0.03378671027,0.02352286908,0.03439307689265,0.00158637,0,0.00152262,0.01374288,0.06407644418,0.00626029296,0.001858402,0,0.0155915332,0.00922845,0.01237635343,0.0170433,0.00203632284,0,0,0,0.00659927,0,0.2566056524319,0.019248588471,0,0.02634981549,0.0098939328,0,0.00073164366,0.002251681,0,0,0,0,0,0,0,0,0,0.0351338459768,0.0012818644,0.000628442,0.0023210098,0.00326361437,0.029851598896,0.002004805069,0,0,0,0,0.003720272,0,0,0,0.113518309120226,0.00345363416,0.00077066679,0.00566896108,0.175996399795505,0.0010650998,0,0.019066850124,0.00978594051,0.008399856,0.0172441894,0.000427335,0.075076526141,0.44638466902771,0.00012114707,0.0948509375008,0.01889542737898,0.003682393765,0.10718635403761,0.0693743103859,0.15159192798281,0.0117608356,0,0.00168143852,0.316438891768446,0.01273093724,0.00753762434,0.034654786129,0.0089812810208,0.00177749632,0.78207175627491,0.448959390724178,0.40420748648492,0.334621052307718,0.332465843753393,0.013241934346003,0.022646072429,0.06611697057363,0.003264244,0,0.001157759,0,0.001612084,0.00293411171,0,0,0,0,0,0,0,0,0,0.00432671512,0.002237797,0,0,7.10183e-05,0,0,0,0,0,0,0,0.007376829,0,0,0,0,0,0,0,0,0,0.000319085,0.00038515267,0,0,0,0,0.00087585979,8.92568e-05,0.0016947295,0.00454972471,0,0,0,0,0,0,0,0,0,0,0,0.000335331,0,0,0,0,0,0,0,0,0,0,0,0,0.000799432,0,0,0,0,0,0,0,0,0,0,0.000846106,0.01225145697
0.10633108917741,0.1419962462202,0.15668237746456,0.2739376451606,1.0317016476631,0.095805335783,0.29531126579747,0.082524936996,0.073001176275,0.03312026953869,0.45419989047064,0.026943177376,0,0.790038840838337,0.0734591948063,0.67008340273774,0.96581516212085,0.4834974294878,0.53021250202184,0.1312019780812,0.233346955686,0.25367062747275,0.48736966592156,0.202924748909576,0.074934964593,0.07599104183,0.06817883941611,0.003127554,0.0016618934,0.2390193890715,0.04066337115,0.006455801,0.009372100441,0.0402096213,0.1776963517281,0.1847787885,0.026561901,0.02109421029,0.02853191247,0.13030781253389,0.07685350495699,0.0002720288559,0.00132506,0.0997543147835,0.017198795,0.02386027,0.0005877843,0.0037567294,0.084226559,0.0047016163,0.0179602285,0.00822723925,0.008580495814,0.0151089893,0.03802298945,0.03243045263,0,0.01320575578,0.00946540405918,0.0034091325,0,0,0.00113238235,0.003660263,0.000495262,0.006512560108,0.008283292287,0.00256333977,0.004450301,0.02684522396877,0.01734313395014,0,0.000405856,0.00038975,0.0021388245,0.00330538986382,0.00185050155,0.00137028,0.00169722894,0.01901301256,0.0392838925884,0.0057541024943,0.00065515431037,0.002884711829,0.004581686959,0.00201895,0.000575266,0.010593861885,0.01519192,0.0176913799,0.0200239507,0.0062493644,0.0114805499,0,0,0.01223357822,0.01707757824,0.2479647272086,0.01702995608,0.012821491397,0.000478137,0.00573307829,2.81009873e-05,0.0539890631335,0.0041350202,0.0085267292,0.0834652510417,0.499007576235958,0.0526745179704,0.0614731745628,0,0,0.66523971102933,0.0318639827728,0.2269593018855,0.0085136845067,0.01111768909,0.0011553788,0.14133992941664,0.0010734911196,0,0.00535757724,0.0009634991,0,0.06740482469136,0.14029269386329,0.374068734113734,0.750732638490086,0.289587485227521,0.0292067653905,0.002268077,0.02189979607,0.012761433386,0.0157774,0.0031541353181,7.47892984e-05,0,0.00173410709,0,0,0,0,0,0,0,0.00525259872,0,0.0305083505283,0.00049389424,0,0.0010184952,0,0,0,0,0,0,9.20131e-06,0,0,0,0,0,0,0,0,0,0,0,0,0,0,0,0,0,0.00343609,0,2.6885e-05,0.00759829991,0,0,0,0,0,0,0,0,0,0.000338647,0,0,0,0,0,0,0,0,0.001325222,0,0,0,0,0,0.00015127361,0,0.0006134935,0.001326671,0.000328026,0.000510762,0,0,0.00323885,7.10033e-05,0,0.0001399557,0.005290690054
